              precision    recall  f1-score   support

         ACC     1.0000    1.0000    1.0000         2
        BLCA     0.8000    0.7059    0.7500        17
        BRCA     0.9756    0.9091    0.9412        44
        CESC     0.8333    0.6250    0.7143         8
        CHOL     0.0000    0.0000    0.0000         2
        COAD     0.7500    0.8824    0.8108        17
        DLBC     1.0000    0.5000    0.6667         2
        ESCA     0.6667    1.0000    0.8000         6
         GBM     1.0000    0.9091    0.9524        11
        HNSC     0.7857    1.0000    0.8800        11
        KICH     1.0000    0.6667    0.8000         3
        KIRC     0.9545    0.9130    0.9333        23
        KIRP     0.8333    1.0000    0.9091        10
         LGG     0.9565    1.0000    0.9778        22
        LIHC     0.8000    0.8889    0.8421         9
        LUAD     0.6400    0.8889    0.7442        18
        LUSC     0.7500    0.7500    0.7500        16
        MESO     1.0000    0.3333    0.5000         3
          OV     0.8947    0.8095    0.8500        21
        PAAD     1.0000    0.8333    0.9091         6
        PCPG     0.8000    1.0000    0.8889         4
        PRAD     1.0000    1.0000    1.0000        18
        READ     0.0000    0.0000    0.0000         6
        SARC     1.0000    0.7273    0.8421        11
        SKCM     0.8667    0.8125    0.8387        16
        STAD     1.0000    0.8889    0.9412        18
        TGCT     0.6250    0.8333    0.7143         6
        THCA     0.9444    0.9444    0.9444        18
        THYM     0.8333    1.0000    0.9091         5
        UCEC     0.7200    0.8571    0.7826        21
         UCS     1.0000    0.5000    0.6667         2
         UVM     1.0000    1.0000    1.0000         1

    accuracy                         0.8541       377
   macro avg     0.8259    0.7868    0.7893       377
weighted avg     0.8582    0.8541    0.8487       377
